-98.4200 31.0200
-96.6100 47.9900
-95.5300 54.8900
-87.6300 95.8300
-80.3700 117.800
-78.4100 123.580
-72.5800 136.680
-63.3300 154.030
-60.1800 159.680
-49.2700 173.960
-39.6100 182.520
-25.1500 191.160
-17.8100 195.070
-15.7500 195.940
-3.23000 197.650
3.82000 198.120
21.3000 195.350
31.9200 189.120
42.9600 179.780
48.6000 174.360
53.8000 167.700
60.7700 157.280
71.4100 138.070
77.3200 126.260
87.8600 95.3400
89.1900 89.6800
93.9000 66.0600
95.0800 59.0300
97.3400 34.8800
98.3900 22.0100
98.9800 2.84000
99.1800 -6.59000
98.9500 -10.1400
96.0900 -49.1800
95.4800 -54.5600
90.1400 -82.9200
86.7600 -97.7000
75.4800 -129.930
63.9100 -152.960
57.6900 -162.620
50.7200 -171.950
46.8400 -176.330
32.7700 -186.930
21.7200 -195.020
13.9800 -197.880
-5.35000 -199.260
-10.6500 -198.790
-12.3100 -198.280
-21.7500 -194.240
-42.3800 -178.880
-53.5800 -166.800
-55.4100 -164.510
-69.1900 -144.010
-71.7300 -138.520
-80.4300 -116.530
-87.5800 -96.1400
-91.2100 -81.7200
-96.5700 -49.5600
-96.9800 -45.1700
-97.4700 -37.4100
-98.5600 -17.4500
-99.3800 3.14000
